

--- GENERATION 0 ---
Fitness: 	 12.170640

A 		 = 	 16.000000 	 #(10.000000,18.000000);Z
B 		 = 	 360 				 #(0,500);Z


--- GENERATION 1 ---
Fitness: 	 12.170640

A 		 = 	 16.000000 	 #(10.000000,18.000000);Z
B 		 = 	 360 				 #(0,500);Z


--- GENERATION 2 ---
Fitness: 	 12.170640

A 		 = 	 16.000000 	 #(10.000000,18.000000);Z
B 		 = 	 360 				 #(0,500);Z
